transaction_hash,transaction_index,block_hash,block_number,cumulative_gas_used,gas_used,contract_address,root,status
0x6c419fe1f49aacbb79d561db64e2ff06b9bd4ce740d4a2cbc3f4c14233309514,2,0x5ef265df4d38f0b6b014009811e6e49d7552a49d42f31a101a53fcd8fa2eacf5,3000010,216880,91150,,,1
0x930948bb62a238d8ba2abda1269073044ae770f7fffaafdcff36f1f2a72470af,3,0x5ef265df4d38f0b6b014009811e6e49d7552a49d42f31a101a53fcd8fa2eacf5,3000010,234030,17150,,,1
0xc5f6750e0bdacffcafd5f8c3da7c97737f8c92e772a2dfe7076715e54fd1cb57,0,0xfe4c1780a5a8b9ac23d60258e7852dc8bca558f54615a47f97fa9c305cd46f53,3000000,126414,126414,,,1
0x4dbff3e8b892fe191d46f0d8a647df417e56c130819c24bd9f26efe6689dc1a1,1,0xfe4c1780a5a8b9ac23d60258e7852dc8bca558f54615a47f97fa9c305cd46f53,3000000,344915,218501,,,1
0xc834b21772b26ea28ff8b46fae90a91a018a583e4bff50ccb3804b0d21f44de0,2,0xfe4c1780a5a8b9ac23d60258e7852dc8bca558f54615a47f97fa9c305cd46f53,3000000,427156,82241,,,1
0x7d151065b04dffd2e2af193d5dc6b6b04d1962f046143cc39d79ef0de854c256,3,0xfe4c1780a5a8b9ac23d60258e7852dc8bca558f54615a47f97fa9c305cd46f53,3000000,497720,70564,,,1
0xcdda49f9fb27084db401c6802747fb55ed42291b55ea0f86a69db652e3e8324d,4,0xfe4c1780a5a8b9ac23d60258e7852dc8bca558f54615a47f97fa9c305cd46f53,3000000,784234,286514,,,1
0xbc75d9c53be0aa085b4254aacfc90b1a438701ca3ffeee43b2432a685d6baabe,5,0xfe4c1780a5a8b9ac23d60258e7852dc8bca558f54615a47f97fa9c305cd46f53,3000000,871830,87596,,,1
0x3d097c261efb61401e53b2ecf5c1c4b31223cb2718364b2163a65e991628e9f8,6,0xfe4c1780a5a8b9ac23d60258e7852dc8bca558f54615a47f97fa9c305cd46f53,3000000,888980,17150,,,1
0x84a82a39eb37145f196e431f801d668484eea7a9b39b3977b7522796d24200e9,0,0xb42f2b74f84510628eef1ba9300303f61a5a5764e347dcd7d244e0f0910f90db,3000001,119007,119007,,,1
0x3381b32dd54b871def1a2274701c819fda24805fa164d6fbf8115ab6bac23700,1,0xb42f2b74f84510628eef1ba9300303f61a5a5764e347dcd7d244e0f0910f90db,3000001,210264,91257,,,1
0xc4e7b397508afbeebdd7140b67da0911cebcc9222e06c0da0be4a939a81f1451,2,0xb42f2b74f84510628eef1ba9300303f61a5a5764e347dcd7d244e0f0910f90db,3000001,352833,142569,,,1
0x522a196ce6de7f2a1ea4acc96150603f19bfa9e2228d96d9659f4487bb7e7fd5,3,0xb42f2b74f84510628eef1ba9300303f61a5a5764e347dcd7d244e0f0910f90db,3000001,373960,21127,,,1
0xf496ec300aebdbd9c67811f734636514d0853c93f875833b0ec759dd4930e8c8,4,0xb42f2b74f84510628eef1ba9300303f61a5a5764e347dcd7d244e0f0910f90db,3000001,445553,71593,,,1
0xf88f63180ec71559d633c5262ddf9524f746f99a0a5d2b05076dbaf38304b642,5,0xb42f2b74f84510628eef1ba9300303f61a5a5764e347dcd7d244e0f0910f90db,3000001,466680,21127,,,1
0x8f1de82756e9a1bbf842247961332e8cc0478dadaf42334da728cc3a6bd17b5b,6,0xb42f2b74f84510628eef1ba9300303f61a5a5764e347dcd7d244e0f0910f90db,3000001,521178,54498,,,1
0x3e331d7296aa42c940a8914e980f91c90dfc611bc4d002b0ea46516204676a90,7,0xb42f2b74f84510628eef1ba9300303f61a5a5764e347dcd7d244e0f0910f90db,3000001,542317,21139,,,1
0x2e914a28d2dbcc22f169bb75dde41c430c608d37ed4d1251c9b0ed36aaaa8c27,8,0xb42f2b74f84510628eef1ba9300303f61a5a5764e347dcd7d244e0f0910f90db,3000001,563456,21139,,,1
0xc330b5bbf652874aefc35584557df29704b7bed8d4b370d6fee9433bdfd8896f,9,0xb42f2b74f84510628eef1ba9300303f61a5a5764e347dcd7d244e0f0910f90db,3000001,635049,71593,,,1
0xac9db01db3230f9ef925ddd67dbf8cbee80fa2a8d66df34c98838a92d092984a,10,0xb42f2b74f84510628eef1ba9300303f61a5a5764e347dcd7d244e0f0910f90db,3000001,656176,21127,,,1
0xcd8e238e04c0fd6b0351d6488b5a62e5478c6d1fad7077fbc369987acf0828c4,11,0xb42f2b74f84510628eef1ba9300303f61a5a5764e347dcd7d244e0f0910f90db,3000001,727769,71593,,,1
0xaa828f6dd293ddf15cf16c7b21e38bf6e176bbf7d96fe236666b548fe9723c99,12,0xb42f2b74f84510628eef1ba9300303f61a5a5764e347dcd7d244e0f0910f90db,3000001,799362,71593,,,1
0x64b45f5f236a4ae303231b80b6c059d4f21b4934717712d1b8db83aea4191c75,13,0xb42f2b74f84510628eef1ba9300303f61a5a5764e347dcd7d244e0f0910f90db,3000001,816512,17150,,,1
0x7bd6bdae3d2fb6e584caf9265716e645a3ba8a439654c36f4ffd96eaf7ff1a6c,0,0x9855d741681a7995015e65a3a8cad1012a47ed1d671474b1af12cf13acd8c5e4,3000002,310053,310053,,,1
0xb0df8b08277c83a51e9663d0c2757e635f073c67e48c5723167322571062ff04,1,0x9855d741681a7995015e65a3a8cad1012a47ed1d671474b1af12cf13acd8c5e4,3000002,414761,104708,,,1
0xafc4459f6ea5c21099f9182d69f1e353b6d5b777e1bb88fec97b0a059714a256,2,0x9855d741681a7995015e65a3a8cad1012a47ed1d671474b1af12cf13acd8c5e4,3000002,557330,142569,,,1
0x76ae787159ba2a3b8bbcbc9f0b25360ac113d39e698230cd8b55da4e1e78c25a,3,0x9855d741681a7995015e65a3a8cad1012a47ed1d671474b1af12cf13acd8c5e4,3000002,574480,17150,,,1
0xf834b33b630d9fce64e9c005624b986ef8259263d1c4a415c3b988080cd575ea,0,0x6e80d790cea8eeb38a477e38786cf7dce95486565ea009b0c11469cdb27ad865,3000003,21000,21000,,,1
0x5171a27a80ddb4aa2d7e4dd0d6fb6f43df94451eb9d41f4ce8c9639024afbb75,1,0x6e80d790cea8eeb38a477e38786cf7dce95486565ea009b0c11469cdb27ad865,3000003,112351,91351,,,1
0xe0d70d67bc0d32df88d66e7f0074235a582c04fcd241348dd440d00a35764e44,2,0x6e80d790cea8eeb38a477e38786cf7dce95486565ea009b0c11469cdb27ad865,3000003,133490,21139,,,1
0x8cc5012fcdaf890733e8ecf8d1f07697cc5eb4d86fa1030183aaa1cd4e24bf9b,3,0x6e80d790cea8eeb38a477e38786cf7dce95486565ea009b0c11469cdb27ad865,3000003,205083,71593,,,1
0x1b41a9b05703e9dba7387e1af499de5002422ab0e1d04769d24f6a3e5a19bcc8,4,0x6e80d790cea8eeb38a477e38786cf7dce95486565ea009b0c11469cdb27ad865,3000003,259545,54462,,,1
0x781f1e2d25a86e114f27071b70be03932afdc2b597dc6ae886c6f7879585ae24,5,0x6e80d790cea8eeb38a477e38786cf7dce95486565ea009b0c11469cdb27ad865,3000003,280672,21127,,,1
0x4e54327054a93719c824d72869f1fb14eadde25301a84eb2cd046a23b19d5fb6,6,0x6e80d790cea8eeb38a477e38786cf7dce95486565ea009b0c11469cdb27ad865,3000003,368232,87560,,,1
0xe8fff09b40780210418993699a6b0d2bb6ce4dba4e4f82cb43eb2b57d8a3f113,7,0x6e80d790cea8eeb38a477e38786cf7dce95486565ea009b0c11469cdb27ad865,3000003,389359,21127,,,1
0x3be3b5944adf0570e34ecfd09df3067cbaa070492e1b148cac6538d5c096f890,8,0x6e80d790cea8eeb38a477e38786cf7dce95486565ea009b0c11469cdb27ad865,3000003,460952,71593,,,1
0x85528e161f2bd1358e5f7c22204e6d025aedc1af0536760e7901bc8953272b46,9,0x6e80d790cea8eeb38a477e38786cf7dce95486565ea009b0c11469cdb27ad865,3000003,482091,21139,,,1
0xa3ed6c6baf8e773d3076164d18a72aca16ee622145d8a68a97288ef551e14c2b,10,0x6e80d790cea8eeb38a477e38786cf7dce95486565ea009b0c11469cdb27ad865,3000003,596377,114286,,,1
0x31499481df241bff1f2293dc0ccc3eb5f8714aadc77bbab3f0c27d8e129dd538,11,0x6e80d790cea8eeb38a477e38786cf7dce95486565ea009b0c11469cdb27ad865,3000003,617504,21127,,,1
0x79e33ec8dc4dae93387a3e9ab656a9f1dc9ad133e8aa1b17b76fd67af3b3486c,12,0x6e80d790cea8eeb38a477e38786cf7dce95486565ea009b0c11469cdb27ad865,3000003,689097,71593,,,1
0xb190d41fd45475cca21c5fb664dca5dc98eb21dbcc4ca6680b3cc120e6759519,13,0x6e80d790cea8eeb38a477e38786cf7dce95486565ea009b0c11469cdb27ad865,3000003,760690,71593,,,1
0xf0b5a894b0156f097d47b9c0a4c59c4b3eb0e539663a3731f63be48ffbc6c9d2,14,0x6e80d790cea8eeb38a477e38786cf7dce95486565ea009b0c11469cdb27ad865,3000003,832283,71593,,,1
0x84bf22f4a2754a6b4a403a4f4724503a56c8133121b27e3961787f5dc299f226,15,0x6e80d790cea8eeb38a477e38786cf7dce95486565ea009b0c11469cdb27ad865,3000003,849433,17150,,,1
0xd2747a9e4dbdeb79969fddbb32358a7113791cba882aa47389f7c70e47a0d1cd,0,0x5e3a5a8380f2130bf48fecf37e915c34b6e5e250dd766db67122bb9d2f568d1d,3000004,129329,129329,,,1
0x44ca77349567ca069a83eedcdbaf64c8c52a66858f1e90f6a332b032bd70595f,1,0x5e3a5a8380f2130bf48fecf37e915c34b6e5e250dd766db67122bb9d2f568d1d,3000004,246486,117157,,,1
0xd2728009c1b5244b323af8aed619ee1fbfbbcb761e99125e28ec65c2f4fc2016,2,0x5e3a5a8380f2130bf48fecf37e915c34b6e5e250dd766db67122bb9d2f568d1d,3000004,334082,87596,,,1
0x5f20361d30844e602c6d8aca86d49ea7334dcb3ad13b6c919e23658cf7e96bb6,3,0x5e3a5a8380f2130bf48fecf37e915c34b6e5e250dd766db67122bb9d2f568d1d,3000004,351232,17150,,,1
0x1ae41cbf508913275857c9c330c2a30d57a73c9de807b7dd52260f1082da1ded,0,0x47ddc4a2e78b4bb7ac72d85b2c51a07c54ea986a5f3661d5f893cd86c4404c40,3000005,91257,91257,,,1
0xa12c188c94e6823504bd625b83d17352d233a2d0819a864675cd753bafdd95d8,1,0x47ddc4a2e78b4bb7ac72d85b2c51a07c54ea986a5f3661d5f893cd86c4404c40,3000005,112396,21139,,,1
0x86ca3ef438e1f18483da7aee9217854a833dca15b1a2bbd11d62d6742b72dba3,2,0x47ddc4a2e78b4bb7ac72d85b2c51a07c54ea986a5f3661d5f893cd86c4404c40,3000005,166894,54498,,,1
0x546a5c1d82fad6b3a051cf63206e83ed070e3dee2d506c465967c8609eb4e244,3,0x47ddc4a2e78b4bb7ac72d85b2c51a07c54ea986a5f3661d5f893cd86c4404c40,3000005,273916,107022,,,1
0x90d5c0bb595f05d4d36b50b1d9d1648dc246053a61c88f74c61eb8bd5a462366,4,0x47ddc4a2e78b4bb7ac72d85b2c51a07c54ea986a5f3661d5f893cd86c4404c40,3000005,345509,71593,,,1
0xd5cdb50e62b13ef645312ca5bfb725c3c7438fa90525255f0ce07cda9fce8587,5,0x47ddc4a2e78b4bb7ac72d85b2c51a07c54ea986a5f3661d5f893cd86c4404c40,3000005,450227,104718,,,1
0x0f0bd62c81d052ace41864be3e021d6a3b2d19bd66282b9e19d5189bcd8b3f4d,6,0x47ddc4a2e78b4bb7ac72d85b2c51a07c54ea986a5f3661d5f893cd86c4404c40,3000005,521820,71593,,,1
0x6a4e4c97e8d70009c6f4b4c059a32bb879294e1518ef36ead653a03e37af2c76,7,0x47ddc4a2e78b4bb7ac72d85b2c51a07c54ea986a5f3661d5f893cd86c4404c40,3000005,542947,21127,,,1
0x212b7442fe0b79e87c3f03147855a39af54095289d7fb18df67ea978d7a43283,8,0x47ddc4a2e78b4bb7ac72d85b2c51a07c54ea986a5f3661d5f893cd86c4404c40,3000005,614540,71593,,,1
0x30e56a2aa8ef1358378961bfea053eb6679b204420ef2e8a6618fa27cf127f04,9,0x47ddc4a2e78b4bb7ac72d85b2c51a07c54ea986a5f3661d5f893cd86c4404c40,3000005,635655,21115,,,1
0xa8be99535d75beb92b93a3f33d862f8baec4618ae6dceee87e1c1cbb2e47c117,10,0x47ddc4a2e78b4bb7ac72d85b2c51a07c54ea986a5f3661d5f893cd86c4404c40,3000005,680037,44382,,,1
0xbf1e94217da0d840d9c3c929f23d0fe3936e439695a849106db807e1aac5c13b,11,0x47ddc4a2e78b4bb7ac72d85b2c51a07c54ea986a5f3661d5f893cd86c4404c40,3000005,701164,21127,,,1
0x073d8200a10364acda3137e3eb79ccc2b12cf937bf1ce595cebad86c9336a428,12,0x47ddc4a2e78b4bb7ac72d85b2c51a07c54ea986a5f3661d5f893cd86c4404c40,3000005,772757,71593,,,1
0xb64bf55a07625a63a0ccbeabeda1140413b0167152dd45f99a4d99505a4a8ff4,13,0x47ddc4a2e78b4bb7ac72d85b2c51a07c54ea986a5f3661d5f893cd86c4404c40,3000005,793896,21139,,,1
0xc7902fe1e1c087921e2ffb673aa20e012cdd831b66b9a07e001b83c90bbcd058,14,0x47ddc4a2e78b4bb7ac72d85b2c51a07c54ea986a5f3661d5f893cd86c4404c40,3000005,811046,17150,,,1
0xe2c6c779ffbc53ccb2952be5efd8a4ce222e59d901b84dbedc708cd1cd102bac,0,0xc40fe9f13a66a8f066ad9b84fa8c075a08ed1f8de5359fec370ae1a662d8ed50,3000006,104730,104730,,,1
0xd46a4136d848604a1e547ff143354838cfcf2a6e4d12f3378e3f8843af2cf06b,1,0xc40fe9f13a66a8f066ad9b84fa8c075a08ed1f8de5359fec370ae1a662d8ed50,3000006,213264,108534,,,1
0x06ac30fc030aad0066b95140bcb123f043073ea22304c9f8993a9e01c2586646,2,0xc40fe9f13a66a8f066ad9b84fa8c075a08ed1f8de5359fec370ae1a662d8ed50,3000006,289038,75774,,,1
0x4b8f0b41b071831fc5a9dfd425e792f7b05288012df362dd9c1c11cdd8df015e,3,0xc40fe9f13a66a8f066ad9b84fa8c075a08ed1f8de5359fec370ae1a662d8ed50,3000006,306188,17150,,,1
0x50660a1446da1abc74dbe48de0e7a409c8bccdc4d3c8efc6bbc77981c96f94d3,0,0x39b3b0a4d2fd75cf2d3d619c401b1ebe5a956914971336f17a98b267338bea12,3000007,91257,91257,,,1
0x239c98b00a6a47431027953f5746aff6c17e7bc8dcfa9d26f9bf76086085dd97,1,0x39b3b0a4d2fd75cf2d3d619c401b1ebe5a956914971336f17a98b267338bea12,3000007,112396,21139,,,1
0x930b9943ae5183df1499c0eb3ed149ba6d91559684281f8af7e7a19ae26b6057,2,0x39b3b0a4d2fd75cf2d3d619c401b1ebe5a956914971336f17a98b267338bea12,3000007,166894,54498,,,1
0x6f68a95c064f0a9ba1f15b79c99fcc910506196fe658e5fbf26dcd823dc2e768,3,0x39b3b0a4d2fd75cf2d3d619c401b1ebe5a956914971336f17a98b267338bea12,3000007,254454,87560,,,1
0x9dcef085ec8157b3c5cffa44ca2c8f3cdc6155d07833700817cc1d79e44b1fec,4,0x39b3b0a4d2fd75cf2d3d619c401b1ebe5a956914971336f17a98b267338bea12,3000007,275593,21139,,,1
0x7358d7fdec223918812b8b2d3f028f589135d773860e47b37c1612abd9773554,5,0x39b3b0a4d2fd75cf2d3d619c401b1ebe5a956914971336f17a98b267338bea12,3000007,296593,21000,,,1
0x388cb678cfeedfcc73f473df97b1e17609ae4d3f21da007908f537410f4c9992,6,0x39b3b0a4d2fd75cf2d3d619c401b1ebe5a956914971336f17a98b267338bea12,3000007,368186,71593,,,1
0x01d25ad279a1d4727131188df28fb762b6c5b549c43729cb4d25b4ce520ceb48,7,0x39b3b0a4d2fd75cf2d3d619c401b1ebe5a956914971336f17a98b267338bea12,3000007,439779,71593,,,1
0x74d92d888b8e8005f89fbdb01197358fcbeca387076b72401a396a4d5665360b,8,0x39b3b0a4d2fd75cf2d3d619c401b1ebe5a956914971336f17a98b267338bea12,3000007,511372,71593,,,1
0xae42851c6023300130eb85a63598e28f9ebdc46b8846b76ea23fe32eccfcd96c,9,0x39b3b0a4d2fd75cf2d3d619c401b1ebe5a956914971336f17a98b267338bea12,3000007,532499,21127,,,1
0x524fbb2653c1d3a8d656d2bde7dee9bcf38f4d1d0c375d1bd14f1f2cd7e2c649,10,0x39b3b0a4d2fd75cf2d3d619c401b1ebe5a956914971336f17a98b267338bea12,3000007,553638,21139,,,1
0xa98ee66af7371fcedac0ca1f55f8f2e2bb294b645f8426aa6f4549cc1e0f8760,11,0x39b3b0a4d2fd75cf2d3d619c401b1ebe5a956914971336f17a98b267338bea12,3000007,574765,21127,,,1
0xbaf0e20fd1739e539f5debe1e6ce979fdfc69d4a94a106aa7c9a14732fd38550,12,0x39b3b0a4d2fd75cf2d3d619c401b1ebe5a956914971336f17a98b267338bea12,3000007,646358,71593,,,1
0xbfe376c93c686ece856c587b0b4b7b89244ece93d2d0e21b1eb5e6acdae38510,13,0x39b3b0a4d2fd75cf2d3d619c401b1ebe5a956914971336f17a98b267338bea12,3000007,840369,194011,,,1
0x30345187188eac0e5a46c26beab87bfffd9171ae30c5c792cdc93f0d79b94154,14,0x39b3b0a4d2fd75cf2d3d619c401b1ebe5a956914971336f17a98b267338bea12,3000007,857519,17150,,,1
0xfa83d09979160ef7a0ccf7f67711d03314c34af70fa5145d904ac04e52f5bc97,0,0x2bdc5e2351fbe6c1f40d7da27a53607eac00a48743fc347596ac7313594105af,3000008,87596,87596,,,1
0x3e499a9f85ca6dc9598309114b1ad3b2d531ee103667f625c24df8a284dc612c,1,0x2bdc5e2351fbe6c1f40d7da27a53607eac00a48743fc347596ac7313594105af,3000008,213943,126347,,,1
0x357fce31b4942c342ce4f7e9fbea1a5e04ebf8720a9cab66d99f3735b754ac90,2,0x2bdc5e2351fbe6c1f40d7da27a53607eac00a48743fc347596ac7313594105af,3000008,477057,263114,,,1
0x2c0ae8c38f10540582a9c573ef1dd539ac2aa17e6faba736cfce65345de12ec4,3,0x2bdc5e2351fbe6c1f40d7da27a53607eac00a48743fc347596ac7313594105af,3000008,494207,17150,,,1
0x372726f472998c66ab05364386c1287b0ca3a8736ef2e7fedc42e42cf6a9f815,0,0xe7e3c75872f08c91e8e2d22d7234d65ca233f419418b790d0c2659e138e65ee8,3000009,21127,21127,,,1
0xe52bd828c44e4a0a064585f7a4154a06f29c523415a907e6ca63f84d126e4fd0,1,0xe7e3c75872f08c91e8e2d22d7234d65ca233f419418b790d0c2659e138e65ee8,3000009,42266,21139,,,1
0xe9ce6f1d9c5f8a031334e1d875bff3b223bc40867e8ede689891aad8bcdd7980,2,0xe7e3c75872f08c91e8e2d22d7234d65ca233f419418b790d0c2659e138e65ee8,3000009,153595,111329,,,1
0x0ddb74bceb9c56120835b906b6ff1904f52302f27a350123c163a097d4a71ccb,3,0xe7e3c75872f08c91e8e2d22d7234d65ca233f419418b790d0c2659e138e65ee8,3000009,264924,111329,,,1
0x1d94391146f68dc7684096aca897604036fd1b78e08b072fa2e70587ecf4f241,4,0xe7e3c75872f08c91e8e2d22d7234d65ca233f419418b790d0c2659e138e65ee8,3000009,356181,91257,,,1
0x4098a0e484c835c7fb47d4e01cb3088598d2128f62497098fa49b90ffd63593c,5,0xe7e3c75872f08c91e8e2d22d7234d65ca233f419418b790d0c2659e138e65ee8,3000009,427774,71593,,,1
0x5e906951c856014f06df6ba015a268ad6a62ed083ee4d0275a3fe54c188e2df3,6,0xe7e3c75872f08c91e8e2d22d7234d65ca233f419418b790d0c2659e138e65ee8,3000009,448913,21139,,,1
0xc8e7a0d7e83aed6ee404114d7ef402c390d9910856c00a4819b1b317990723de,7,0xe7e3c75872f08c91e8e2d22d7234d65ca233f419418b790d0c2659e138e65ee8,3000009,470052,21139,,,1
0xfc2eb6174edc70f50d662ef365fa3e503738664f4e10bf94244d0bff6cea566a,8,0xe7e3c75872f08c91e8e2d22d7234d65ca233f419418b790d0c2659e138e65ee8,3000009,541645,71593,,,1
0x0703182eff213bbb89fd35fb950670e9f0bbf1e7a685eebfa88a1db6e7db04a9,9,0xe7e3c75872f08c91e8e2d22d7234d65ca233f419418b790d0c2659e138e65ee8,3000009,684214,142569,,,1
0xcf0833f4c86f8529e2b747944644c7e868c3cdf3e63f3d162a2bd6755c3fa165,10,0xe7e3c75872f08c91e8e2d22d7234d65ca233f419418b790d0c2659e138e65ee8,3000009,738724,54510,,,1
0xb06a7d187c6a589b47eccccae2ec8cfad6931353478f6e42377aa4786efacb26,11,0xe7e3c75872f08c91e8e2d22d7234d65ca233f419418b790d0c2659e138e65ee8,3000009,810317,71593,,,1
0x8df0bcbea34253d9453cf76155b627ed50bec3cf065ba63a80de3d17f5bd436d,12,0xe7e3c75872f08c91e8e2d22d7234d65ca233f419418b790d0c2659e138e65ee8,3000009,881910,71593,,,1
0x13a2a8ebad949cbf392d16ed2ec147ca94bbb3efd9811a90ab66f91e80274438,13,0xe7e3c75872f08c91e8e2d22d7234d65ca233f419418b790d0c2659e138e65ee8,3000009,903037,21127,,,1
0x575ce01b69135275f49d94e855ceb2ad8c0f819f81c9300867e98e13eea779e3,14,0xe7e3c75872f08c91e8e2d22d7234d65ca233f419418b790d0c2659e138e65ee8,3000009,920187,17150,,,1
0xcb9be722ed553998f24ad7b5caf757169f84d6c75c090bd71e96151509d8daa4,0,0x5ef265df4d38f0b6b014009811e6e49d7552a49d42f31a101a53fcd8fa2eacf5,3000010,21000,21000,,,1
0xbd8b37aae0550bff9a1e84139fd148ef0f98b5427536dcaa82c60719a11ff29e,1,0x5ef265df4d38f0b6b014009811e6e49d7552a49d42f31a101a53fcd8fa2eacf5,3000010,125730,104730,,,1
